1 -10.8421 -17.5015 0.00362343
2 -12.0478 -18.9665 0.00415133
3 -12.699 -19.461 0.00462704
4 -12.8756 -19.3093 0.00495122
5 -13.6362 -19.8108 0.00537652
6 -14.8716 -19.9976 0.00573881
7 -15.0263 -20.2912 0.00616002
8 -16.056 -20.2435 0.00649347
9 -16.3918 -19.9225 0.00685806
10 -17.31 -19.7485 0.00707077
11 -18.3454 -19.7186 0.00726495
12 -18.9088 -19.0318 0.00741601
13 -19.0829 -18.1085 0.00756556
14 -20.1621 -17.2651 0.00746655
15 -20.7467 -16.6223 0.00745911
16 -21.4115 -15.3069 0.00726017
17 -22.1254 -14.0957 0.00704666
18 -22.9202 -12.9505 0.00685534
19 -23.4848 -11.1206 0.00653385
20 -23.3429 -9.33179 0.006273
21 -24.6681 -8.00305 0.00594138
22 -25.4196 -6.56717 0.00552731
23 -25.6224 -4.73659 0.00515237
24 -26.1527 -3.45418 0.00482576
25 -26.7538 -1.80396 0.00451755
26 -27.1504 -0.121356 0.00413559
27 -27.8195 0.543891 0.00389792
28 -28.9418 1.49649 0.00356321
29 -28.3985 3.66722 0.00314932
30 -28.4057 5.1536 0.00285746
31 -29.2255 6.08387 0.00262729
32 -29.3412 6.88536 0.00243336
33 -29.9921 7.26888 0.00222354
34 -29.9392 8.68794 0.00205526
35 -30.2993 9.53467 0.00180783
36 -30.3381 9.61263 0.00175042
37 -30.8666 10.2023 0.00155732
38 -30.4869 11.3293 0.00145575
39 -30.7528 11.8186 0.00136424
40 -31.2668 11.8004 0.00132346
41 -31.6359 12.0939 0.00125496
42 -31.4721 12.3875 0.00125285
43 -31.6823 12.5883 0.00123787
44 -32.0262 12.5664 0.00124039
45 -31.9234 12.7132 0.00135928
46 -32.1471 12.8764 0.001294
47 -32.6635 13.0506 0.00132373
48 -32.5686 13.3904 0.00126172
49 -32.5489 13.2591 0.00131717
50 -32.7585 13.2137 0.00143736
51 -33.2202 13.7099 0.00130907
52 -32.8744 13.8744 0.00130002
53 -33.1501 13.7828 0.00140509
54 -33.486 14.0695 0.00134444
55 -33.9788 14.3663 0.00132014
56 -34.109 14.1503 0.00139512
57 -33.7994 14.5773 0.00133415
58 -33.8276 14.6583 0.00134407
59 -34.3281 14.5183 0.00138724
60 -34.3947 14.2282 0.00144254
61 -33.8886 14.7974 0.00137096
62 -33.6149 14.7755 0.00144797
63 -34.173 14.8735 0.00143304
64 -34.5202 15.2958 0.00133058
65 -33.9345 16.046 0.00136093
66 -34.2739 16.3582 0.00130188
67 -34.4621 15.8863 0.00131409
68 -34.7326 15.6453 0.00132818
69 -34.1925 16.3774 0.00134047
70 -34.5646 16.7544 0.00119188
71 -34.9499 16.6319 0.00112552
72 -34.3922 16.7167 0.00119032
73 -34.5322 16.686 0.00109902
74 -34.3705 17.0006 0.000997947
75 -34.8596 16.9486 0.000930284
76 -34.791 17.017 0.000903579
77 -34.6395 17.3442 0.000852389
78 -35.0222 16.5859 0.000895692
79 -35.1155 16.8902 0.000658417
80 -34.3156 17.4541 0.000575649
81 -34.5793 16.9046 0.000622293
82 -34.831 17.2739 0.000533753
83 -34.5213 17.3703 0.000475776
84 -34.8786 16.6854 0.000512927
85 -34.7564 17.1161 0.000477174
86 -34.7064 17.2526 0.000403466
87 -35.1991 16.2871 0.000387771
88 -35.0755 16.6252 0.000342373
89 -34.6034 16.8426 0.000389998
90 -34.9094 16.4358 0.000365635
91 -35.3673 16.1867 0.000356143
92 -34.5787 16.735 0.000354405
93 -34.2666 16.4019 0.000301288
94 -34.89 16.4049 0.000312577
95 -34.7809 16.71 0.000286874
96 -34.2327 16.7193 0.000218478
97 -34.4122 16.6701 0.000305773
98 -34.4419 16.8024 0.000289671
99 -34.174 16.2915 0.000292134
100 -34.0332 16.2974 0.000319467
101 -33.3233 17.1277 0.000269913
102 -33.4395 16.8752 0.000292349
103 -33.6287 16.7775 0.000267497
104 -33.2757 17.3169 0.000221831
105 -32.4043 17.2139 0.000253799
106 -32.6322 17.4749 0.000177745
107 -32.4041 17.6778 0.000133014
108 -31.8027 17.9421 0.000109122
109 -31.4594 17.7842 0.000114892
110 -31.2201 17.7983 8.61303e-05
111 -30.9683 18.4688 -5.70691e-06
112 -30.1618 18.6175 1.98559e-06
113 -29.876 18.854 -7.25492e-05
114 -29.5787 18.925 -0.000110395
115 -29.251 19.1496 -0.000128006
116 -28.709 19.1259 -0.000206596
117 -28.3152 19.4098 -0.0001865
118 -28.0503 19.0667 -0.000244112
119 -27.9396 19.1937 -0.000309734
120 -27.2267 19.3169 -0.000323635
121 -26.7673 19.2008 -0.000395395
122 -26.696 19.2199 -0.000397161
123 -26.2339 19.4982 -0.00052661
124 -25.6815 19.2856 -0.000585723
125 -25.354 19.2876 -0.000612386
126 -25.3379 19.3545 -0.000797256
127 -25.0302 19.3807 -0.000915979
128 -24.2809 19.365 -0.000989265
129 -23.6497 19.408 -0.00105663
130 -24.3735 18.6725 -0.00120518
131 -23.6839 18.1654 -0.00118853
132 -23.3206 18.666 -0.00145662
133 -22.9098 18.4436 -0.00145484
134 -23.191 18.3174 -0.00156533
135 -23.2485 18.0066 -0.0015836
136 -22.2854 17.7171 -0.00143685
137 -22.8196 16.9202 -0.00135577
138 -22.3784 16.8093 -0.00139459
139 -22.1543 17.0266 -0.00152718
140 -21.8846 15.9235 -0.00116339
141 -22.5305 15.817 -0.00119093
142 -21.9907 15.2155 -0.0010567
143 -21.7691 14.9905 -0.000971784
144 -21.5928 15.2251 -0.00095282
145 -21.5764 15.0562 -0.000877019
146 -21.5833 14.4858 -0.000638408
147 -22.1653 13.9019 -0.000537505
148 -22.1853 13.2428 -0.000396911
149 -21.8163 12.8311 -0.000173791
150 -22.1528 12.3769 -0.000120584
151 -22.1863 12.3867 -2.42878e-05
152 -22.6179 12.0378 2.35945e-05
153 -23.2077 11.4626 0.000113943
154 -23.4588 11.1823 0.000167477
155 -23.7256 10.4463 0.000249216
156 -23.8197 10.5433 0.000238342
157 -24.0193 10.1395 0.000311233
158 -24.5808 9.47897 0.000345553
159 -24.7466 9.08048 0.000441293
160 -25.0152 8.82473 0.000453389
161 -25.409 8.46161 0.000423321
162 -25.6683 8.22817 0.000460247
163 -26.0911 7.55842 0.000524073
164 -26.3693 7.11261 0.000455468
165 -26.874 6.81676 0.000396492
166 -26.8561 6.63977 0.000421889
167 -27.2098 6.01637 0.000312498
168 -27.7451 5.5748 0.000258144
169 -27.9626 5.42793 7.96843e-05
170 -28.2138 4.98728 1.8173e-05
171 -28.1267 5.13632 -0.000235474
172 -28.1533 4.66902 -0.000223436
173 -29.107 4.38649 -0.000418487
174 -29.5806 3.97655 -0.000631765
175 -28.8906 4.11969 -0.000698394
176 -29.7685 3.32531 -0.000908572
177 -29.7364 3.32268 -0.0011065
178 -29.6923 3.13361 -0.00123841
179 -29.7949 3.06055 -0.00135419
180 -30.3247 2.66957 -0.0016315
181 -30.4592 2.12361 -0.00184406
182 -30.34 2.61704 -0.00215967
183 -30.1495 2.03585 -0.00227485
184 -30.4046 1.96926 -0.00262652
185 -30.3787 2.27384 -0.00298611
186 -30.5727 1.86724 -0.00319455
187 -30.8587 1.89551 -0.00358351
188 -30.6501 2.00753 -0.00393647
189 -30.3193 1.84131 -0.00413503
190 -31.1183 1.9305 -0.00462848
191 -30.7315 2.10194 -0.00497068
192 -30.9981 1.65885 -0.00531958
193 -31.2615 1.41037 -0.00559885
194 -31.5479 1.41685 -0.00590818
195 -31.3331 1.5305 -0.00626779
196 -30.7469 1.74426 -0.0064845
197 -31.5026 1.99803 -0.00684923
198 -31.4897 1.27578 -0.00697711
199 -31.7177 1.50509 -0.00725286
200 -31.4068 1.49728 -0.0075135
201 -31.3332 1.19515 -0.0076956
202 -31.4401 0.762595 -0.00774265
203 -30.8068 0.671004 -0.00798152
204 -31.1374 1.14283 -0.00836134
205 -30.6962 1.16021 -0.00847785
206 -31.2443 1.34371 -0.00883048
207 -30.831 1.6023 -0.0090631
208 -30.8422 1.76325 -0.00941626
209 -30.1118 1.86532 -0.00957143
210 -30.2097 2.29005 -0.0098904
211 -30.3843 2.58152 -0.0101171
212 -29.8674 2.43071 -0.0102763
213 -29.6748 2.99441 -0.0105364
214 -29.5856 3.21132 -0.010729
215 -29.7693 3.05563 -0.0109252
216 -29.4294 3.85651 -0.0111598
217 -28.768 4.50841 -0.0114024
218 -28.8721 4.62191 -0.0115713
219 -29.3523 4.72741 -0.0117916
220 -28.9462 5.27315 -0.0119086
221 -29.1495 5.47172 -0.012194
222 -28.8625 5.8876 -0.0123639
223 -28.5593 6.25262 -0.0125034
224 -28.437 6.64689 -0.012593
225 -28.3798 7.23796 -0.0127927
226 -28.5412 7.74251 -0.0129804
227 -28.4921 7.82059 -0.0131112
228 -28.1504 8.86588 -0.0133415
229 -28.1979 8.98806 -0.0135699
230 -28.2069 8.84609 -0.0136403
231 -28.3639 9.36342 -0.0139167
232 -28.0376 9.72334 -0.0140258
233 -28.5199 9.50135 -0.0141627
234 -28.5593 9.88884 -0.0144144
235 -28.0774 10.0026 -0.0145431
236 -28.5826 10.2334 -0.0146404
237 -28.7826 9.96567 -0.0146951
238 -28.7264 10.1232 -0.0148191
239 -29.0441 10.0828 -0.0149006
240 -29.1205 9.91087 -0.0149033
241 -29.057 9.95917 -0.0150095
242 -28.9638 10.0357 -0.0150516
243 -29.0463 9.72645 -0.0151061
244 -29.5876 9.76403 -0.0152144
245 -29.5128 9.7827 -0.0153027
246 -29.5166 9.94101 -0.0154356
247 -29.9033 9.31692 -0.0154141
248 -29.9589 9.13989 -0.0154734
249 -29.7763 9.17196 -0.0155613
250 -30.0541 8.89517 -0.0156238
251 -30.1149 8.94623 -0.0157276
252 -30.0258 8.63907 -0.0156782
253 -30.2402 8.56787 -0.015723
254 -30.8996 8.19008 -0.0157675
255 -30.6215 8.18982 -0.0157981
256 -30.322 8.05951 -0.0157733
257 -30.7336 7.98643 -0.0157871
258 -30.771 7.72792 -0.0158219
259 -30.4977 7.65312 -0.0157163
260 -30.7742 7.65174 -0.0157772
261 -30.4819 7.26891 -0.0156538
262 -30.7224 7.02767 -0.015546
263 -30.3224 6.99503 -0.0155238
264 -30.3463 6.95409 -0.0154878
265 -30.6463 6.45635 -0.015429
266 -30.7214 6.79826 -0.0154222
267 -30.273 6.38471 -0.0153899
268 -30.5337 6.28443 -0.0153283
269 -30.5563 6.36053 -0.0153352
270 -30.495 5.96023 -0.0152469
271 -30.5687 5.61771 -0.0151687
272 -30.3749 5.65171 -0.015195
273 -30.5086 5.40918 -0.0152026
274 -30.4672 5.18011 -0.0151432
275 -30.3069 5.82451 -0.0152512
276 -30.1704 5.37614 -0.0152382
277 -30.5865 5.09921 -0.0152996
278 -30.1621 5.37789 -0.0153666
279 -30.504 5.25897 -0.0154235
280 -30.3427 5.34352 -0.0154933
281 -30.2278 5.50886 -0.0155372
282 -30.3774 5.18391 -0.0155144
283 -30.5188 5.12131 -0.0156199
284 -30.1699 5.23003 -0.0156762
285 -30.095 5.54128 -0.0157655
286 -30.5162 5.66265 -0.0158387
287 -30.0096 5.93396 -0.015913
288 -29.9137 6.14442 -0.0160624
289 -29.9752 6.44031 -0.0160944
290 -29.4724 6.91396 -0.0162388
291 -29.694 6.71781 -0.0162412
292 -29.8504 7.16481 -0.0163714
293 -29.7538 7.39462 -0.0163816
294 -29.3271 7.61505 -0.0164263
295 -29.4695 7.98605 -0.0164452
296 -29.3404 8.19671 -0.0164451
297 -29.5125 8.23047 -0.0165481
298 -29.1789 8.54722 -0.0165015
299 -28.9796 8.8993 -0.0165084
300 -29.47 8.73413 -0.016523
301 -29.2895 9.09358 -0.0165212
302 -28.9462 9.75833 -0.0165317
303 -29.1875 10.0317 -0.0164759
304 -29.5502 9.41225 -0.0164942
305 -29.0613 9.50148 -0.0163881
306 -29.1948 9.71245 -0.0163745
307 -29.3577 10.1958 -0.0163728
308 -29.1174 9.99613 -0.0162056
309 -29.2497 9.86229 -0.0161505
310 -29.0123 9.78718 -0.0160903
311 -29.4305 9.40906 -0.0160047
312 -29.4047 9.31976 -0.0159578
313 -29.6733 9.39908 -0.0159461
314 -29.6955 9.35125 -0.015871
315 -29.7479 9.2613 -0.0158216
316 -29.6644 9.04076 -0.0157191
317 -30.0395 8.47961 -0.0156552
318 -30.1111 7.42454 -0.0156033
319 -30.0466 7.79972 -0.0156556
320 -29.6331 7.8176 -0.015556
321 -29.8524 7.68357 -0.015522
322 -30.0336 6.97516 -0.0155105
323 -29.9534 6.88721 -0.0155359
324 -29.8702 6.81557 -0.0155556
325 -30.0201 6.30479 -0.0155538
326 -29.5715 6.025 -0.0154816
327 -29.8701 5.36309 -0.0154714
328 -30.0657 5.01191 -0.0154956
329 -29.6998 4.79346 -0.0155259
330 -29.7486 4.47168 -0.0155351
331 -29.7482 4.65816 -0.0156712
332 -29.5103 4.11843 -0.0156472
333 -29.4343 4.30689 -0.0157425
334 -29.5517 3.85145 -0.0157928
335 -29.6815 3.39537 -0.0158192
336 -29.2512 3.83769 -0.0159792
337 -28.9496 3.46057 -0.0159632
338 -29.5369 2.86031 -0.0160039
339 -29.2674 2.59914 -0.0160372
340 -28.6314 2.69402 -0.016041
341 -28.8006 2.72254 -0.0162258
342 -28.9568 2.71191 -0.0162633
343 -28.7157 2.37374 -0.0162665
344 -28.4871 2.09225 -0.0163255
345 -28.5421 1.89772 -0.0163968
346 -28.4543 1.7954 -0.0164267
347 -28.1599 1.92072 -0.0165008
348 -27.8358 1.8128 -0.0165163
349 -27.8634 1.76326 -0.0165904
350 -27.7957 1.46197 -0.0165791
351 -27.6961 1.42001 -0.0166886
352 -27.6698 1.50448 -0.0167743
353 -27.332 1.43222 -0.0167408
354 -27.3574 1.55432 -0.0168362
355 -27.0962 1.5185 -0.0168796
356 -27.2908 1.37979 -0.0169067
357 -27.1099 1.71787 -0.0169843
358 -27.0352 1.39078 -0.0170327
359 -26.8188 1.76293 -0.0170963
360 -26.8923 1.14022 -0.0170735
361 -26.7389 1.41253 -0.0172045
362 -26.9235 1.38324 -0.0172873
363 -26.5854 1.85931 -0.017454
364 -26.6845 2.86855 -0.0177819
365 -26.7128 2.3057 -0.0179365
366 -26.6777 2.66986 -0.0182444
367 -26.6274 2.90897 -0.0185634
368 -26.9484 3.52574 -0.0189947
369 -26.6241 3.96749 -0.0193245
370 -26.6525 4.82095 -0.0197328
371 -26.7016 5.29099 -0.0201813
372 -26.7241 5.79546 -0.0206108
373 -26.8009 6.72947 -0.0211579
374 -26.3899 7.54831 -0.0216489
375 -26.1947 8.46539 -0.0221088
376 -25.8986 9.58328 -0.0225318
377 -26.1385 10.1461 -0.0230573
378 -25.9352 10.4272 -0.0234966
379 -25.5903 10.9765 -0.0238691
380 -24.9714 12.3089 -0.024276
381 -24.5902 12.8493 -0.0246092
382 -24.9441 13.1338 -0.0250188
383 -24.8938 13.8026 -0.025338
384 -24.2942 14.702 -0.0256256
385 -24.4022 15.1068 -0.0258503
386 -24.2003 15.1265 -0.0259509
387 -24.2405 15.28 -0.0260543
388 -24.2623 15.6478 -0.0261172
389 -23.6962 15.7305 -0.0260302
390 -23.7296 15.5958 -0.0259914
391 -23.842 15.31 -0.0257252
392 -23.7006 15.2909 -0.0255753
393 -23.5804 15.2959 -0.0253652
394 -23.5823 14.827 -0.0250674
395 -23.686 14.2624 -0.0246653
396 -23.5024 14.3961 -0.0243245
397 -23.6274 13.485 -0.0238249
398 -24.614 12.6719 -0.023433
399 -23.9835 12.2075 -0.0230325
400 -23.5937 11.9578 -0.0225372
401 -24.1205 11.6557 -0.0222102
402 -24.7494 10.9546 -0.0218655
403 -24.5215 10.4889 -0.021504
404 -24.7681 9.86438 -0.0211665
405 -24.9991 9.59117 -0.0208779
406 -25.0111 9.28739 -0.0205614
407 -25.137 8.31877 -0.0201385
408 -25.3998 7.91802 -0.0197898
409 -25.277 7.88103 -0.0195487
410 -25.8381 7.13361 -0.0192011
411 -26.434 6.54792 -0.01903
412 -25.8151 6.86495 -0.018929
413 -25.8285 6.35743 -0.0187254
414 -26.1267 6.27579 -0.0186175
415 -26.2938 6.29625 -0.0185359
416 -26.0789 5.97195 -0.0183212
417 -26.7292 5.61623 -0.0182194
418 -27.0358 5.36062 -0.0182203
419 -26.5119 5.14587 -0.0180706
420 -26.8544 4.74646 -0.0178833
421 -27.3892 4.65866 -0.0178516
422 -27.27 4.6644 -0.0178319
423 -26.5829 4.94147 -0.0177179
424 -26.7973 4.60079 -0.0175853
425 -27.2661 4.29046 -0.0174715
426 -26.9798 4.04279 -0.0173549
427 -26.8821 4.13708 -0.0173364
428 -26.9334 4.33012 -0.0173059
429 -27.189 4.06846 -0.0172927
430 -27.4308 3.74802 -0.017287
431 -26.9222 4.22487 -0.0172971
432 -27.0209 3.98333 -0.0172747
433 -27.6067 3.59913 -0.0172704
434 -27.6222 3.64157 -0.0172744
435 -27.3733 4.25594 -0.0173474
436 -27.3922 4.31614 -0.017335
437 -27.595 4.65365 -0.0174041
438 -27.3427 4.4559 -0.0174037
439 -27.566 4.50162 -0.017415
440 -27.4295 4.94301 -0.0174574
441 -27.4981 4.78371 -0.0174315
442 -27.6683 5.11199 -0.0174812
443 -27.4878 5.66749 -0.0175181
444 -27.5918 5.42784 -0.0174986
445 -27.4038 5.64335 -0.0174678
446 -27.321 6.31942 -0.017512
447 -27.0358 6.81377 -0.0174648
448 -27.5364 7.14458 -0.0175599
449 -27.4196 7.22306 -0.0176248
450 -27.0165 7.68969 -0.0177369
451 -27.1455 7.53554 -0.0177308
452 -27.3789 8.1543 -0.0178941
453 -27.2039 8.23363 -0.0178723
454 -27.324 8.78202 -0.0180226
455 -27.2524 9.2541 -0.0181497
456 -27.0789 9.60929 -0.0182034
457 -27.6588 9.32535 -0.0182628
458 -27.4745 9.95687 -0.0183947
459 -27.0521 10.6284 -0.01854
460 -27.2116 9.93905 -0.0184863
461 -28.0325 9.81146 -0.0188413
462 -27.46 10.5432 -0.0189059
463 -27.7578 10.508 -0.0189072
464 -28.1227 10.2022 -0.0188349
465 -27.8372 10.6002 -0.0189338
466 -27.6473 10.3415 -0.0188395
467 -28.2763 9.7605 -0.0187795
468 -28.0192 10.2392 -0.0187461
469 -27.7019 10.0547 -0.018657
470 -27.9942 9.924 -0.0185932
471 -28.3904 9.13732 -0.018534
472 -28.0208 8.90432 -0.0183403
473 -27.496 9.03138 -0.0181664
474 -28.184 8.7996 -0.0181538
475 -27.8627 8.80106 -0.018064
476 -27.5138 8.06228 -0.0177742
477 -27.7284 7.94352 -0.0178143
478 -27.226 7.95316 -0.0177359
479 -27.3022 7.60502 -0.0176342
480 -27.5313 7.69072 -0.0177765
481 -27.4667 7.02475 -0.0177234
482 -27.3494 6.8232 -0.0176884
483 -27.7723 6.51534 -0.0176703
484 -27.6652 6.62128 -0.0176452
485 -27.7125 5.61334 -0.017474
486 -27.9653 5.04534 -0.017428
487 -27.6485 5.18103 -0.0174282
488 -27.3051 4.98884 -0.0173107
489 -27.8375 4.65406 -0.0172826
490 -28.1626 4.22785 -0.0172198
491 -27.3888 4.17845 -0.0170604
492 -27.8308 3.75955 -0.0169014
493 -27.9388 3.53131 -0.0166445
494 -27.5178 3.43546 -0.0163569
495 -27.3315 3.11845 -0.0160003
496 -27.158 3.04527 -0.0157115
497 -26.9491 2.80134 -0.0155684
498 -26.601 2.84783 -0.0153386
499 -26.6708 1.85922 -0.0150278
500 -26.9554 1.62676 -0.0149737
501 -26.3721 2.20558 -0.0148864
502 -26.6216 1.79704 -0.0148454
503 -27.1221 1.55757 -0.0148486
504 -26.7006 1.50143 -0.0148723
505 -26.8759 1.60419 -0.0149235
506 -26.3856 1.70545 -0.0149516
507 -26.3946 1.34269 -0.0148124
508 -26.0499 1.69576 -0.0147733
509 -26.0061 1.92432 -0.0147961
510 -26.0047 2.47975 -0.01474
511 -25.5329 2.39259 -0.0146225
512 -25.8071 2.0111 -0.0144429
513 -25.637 2.1235 -0.0143327
514 -25.3491 2.64297 -0.0143461
515 -24.7083 3.52355 -0.0143641
516 -24.528 3.80236 -0.0142133
517 -24.6273 3.93664 -0.014161
518 -24.8024 3.62763 -0.0141137
519 -24.592 4.0016 -0.0140265
520 -23.9098 4.89577 -0.0139892
521 -23.8628 5.35826 -0.013933
522 -24.0032 5.70789 -0.0138305
523 -24.0232 5.50234 -0.0137067
524 -23.8316 5.88559 -0.0136632
525 -22.9152 6.47547 -0.0134549
526 -23.0712 6.3631 -0.0132088
527 -23.1516 6.05624 -0.0129043
528 -22.7284 6.62972 -0.0126726
529 -22.4127 6.94905 -0.0124342
530 -22.2974 7.26568 -0.0122459
531 -22.3742 7.42965 -0.0120104
532 -22.1202 7.52136 -0.0116217
533 -21.6541 7.45663 -0.0111789
534 -21.0106 7.55766 -0.0108297
535 -21.0224 7.51658 -0.0104971
536 -21.0471 7.20751 -0.0100639
537 -20.8511 6.96892 -0.0096807
538 -20.6305 6.53844 -0.00926381
539 -20.5291 6.4917 -0.00898637
540 -20.5828 5.89157 -0.00858221
541 -20.777 5.75081 -0.00829691
542 -19.9379 6.2396 -0.00807699
543 -19.4646 6.24439 -0.00775521
544 -19.8515 5.94298 -0.00751913
545 -19.8277 5.13327 -0.00719816
546 -19.5769 4.53693 -0.0068402
547 -19.0016 4.48064 -0.00662902
548 -18.6445 4.74629 -0.00648029
549 -18.8474 4.43071 -0.00618298
550 -19.1538 3.28367 -0.00579803
551 -19.6101 2.73899 -0.00560121
552 -18.5861 3.04323 -0.00543369
553 -17.8301 3.27301 -0.00503639
554 -18.0202 2.98177 -0.00495868
555 -18.0496 2.05115 -0.00472066
556 -17.9367 1.73725 -0.00471646
557 -17.4341 1.75791 -0.00466775
558 -17.3349 1.61609 -0.00453099
559 -17.6037 1.09208 -0.00443725
560 -17.5408 0.797771 -0.00421041
561 -16.8416 1.25879 -0.00409717
562 -16.4859 1.12289 -0.00392899
563 -16.6454 0.725333 -0.00362289
564 -16.6614 -0.111525 -0.00334097
565 -16.2781 -0.344392 -0.00321769
566 -15.5497 -0.127134 -0.003117
567 -14.843 -0.379788 -0.00290728
568 -15.7475 -0.813806 -0.00280942
569 -16.2245 -1.32613 -0.00282311
570 -15.6763 -0.645082 -0.00292955
571 -14.9441 -0.322518 -0.00283049
572 -15.0899 -0.542568 -0.00274258
573 -16.1641 -1.76551 -0.00270905
574 -16.1391 -2.13002 -0.00268386
575 -14.7263 -1.65577 -0.00252038
576 -15.0321 -2.2985 -0.00244601
577 -15.9845 -3.15495 -0.00228095
578 -16.563 -3.52371 -0.00228781
579 -16.1076 -3.35523 -0.00222903
580 -15.352 -2.96094 -0.00214395
581 -15.4219 -3.08926 -0.00200676
582 -16.0096 -3.68849 -0.00187408
583 -16.3239 -4.60064 -0.00177132
584 -16.1738 -4.60726 -0.00180196
585 -15.5371 -4.73562 -0.00165449
586 -15.9626 -4.71493 -0.00169607
587 -15.946 -4.7415 -0.00154869
588 -15.797 -5.00117 -0.0014863
589 -15.6514 -4.89613 -0.00138427
590 -15.5586 -4.59316 -0.00123083
591 -15.9253 -5.33307 -0.001104
592 -16.3068 -5.57094 -0.00106942
593 -15.9933 -5.48493 -0.00103828
594 -15.4764 -5.1381 -0.000875446
595 -15.3615 -4.77906 -0.000788972
596 -15.8224 -5.02556 -0.000683876
597 -16.3199 -5.60737 -0.000576295
598 -16.2241 -5.40935 -0.000518577
599 -15.4344 -4.70696 -0.000430906
600 -15.5402 -4.65096 -0.000398998
601 -15.7634 -4.64422 -0.000131038
602 -15.5907 -4.3954 -0.000110929
603 -15.2988 -4.22505 4.82408e-05
604 -15.3609 -3.83201 6.76285e-05
605 -15.0648 -3.54243 0.000223975
606 -15.3914 -4.03829 0.000243227
607 -14.9669 -3.20774 0.000340764
608 -14.1266 -2.05255 0.000372918
609 -14.4428 -2.16341 0.000386284
610 -15.0866 -2.58697 0.000450053
611 -14.2459 -2.3805 0.000782613
612 -13.9791 -2.06511 0.000924733
613 -14.0249 -1.87006 0.00105001
614 -13.5635 -1.44987 0.00121845
615 -13.5497 -1.26514 0.00137631
616 -13.7647 -1.29147 0.00153856
617 -13.4099 -1.26203 0.001794
618 -13.3435 -1.72694 0.00209019
619 -13.5908 -1.89941 0.00226246
620 -13.4493 -2.43158 0.00251012
621 -13.1259 -2.2925 0.0027461
622 -12.7213 -2.08946 0.00305121
623 -12.7136 -2.55676 0.00348404
624 -13.2991 -3.45002 0.00373802
625 -13.3287 -4.0176 0.00397259
626 -12.4623 -3.99192 0.00423627
627 -12.4401 -4.52017 0.00456874
628 -12.7471 -5.01362 0.00489329
629 -12.5606 -4.73609 0.00507026
630 -13.0028 -5.56 0.00516658
631 -12.1753 -6.14496 0.00529717
632 -12.5544 -6.13492 0.00547226
633 -12.8826 -6.59795 0.00565261
634 -12.8209 -7.25254 0.00589231
635 -12.6382 -7.41485 0.00613865
636 -12.7122 -7.98683 0.00642848
637 -12.9639 -9.29159 0.00672632
638 -12.9515 -10.0827 0.00713028
639 -12.3482 -9.85201 0.00739078
640 -12.4375 -10.408 0.00775729
641 -11.7789 -11.1318 0.00831263
642 -11.8893 -12.2981 0.0086511
643 -12.2547 -13.8124 0.00934629
644 -12.0997 -14.7443 0.00976382
645 -11.3404 -15.3712 0.0103581
646 -11.0252 -15.9734 0.0108817
647 -10.8069 -16.7552 0.0114543
648 -10.7731 -17.9282 0.0119027
649 -10.429 -18.1033 0.0122732
650 -9.7886 -18.7851 0.0128148
651 -9.21022 -20.3251 0.0137633
652 -9.34393 -21.564 0.0144333
653 -8.74784 -22.1117 0.0148755
654 -7.96195 -22.8689 0.0153894
655 -7.99702 -23.1922 0.0157471
656 -7.72568 -23.7399 0.0160968
657 -7.15986 -24.6452 0.0165492
658 -6.76911 -25.4149 0.0169945
659 -6.00474 -25.1631 0.017315
660 -5.62795 -25.724 0.0176764
661 -5.38653 -25.8441 0.0178657
662 -4.799 -26.4634 0.0181301
663 -4.12345 -26.3228 0.0183001
664 -3.41597 -26.6833 0.0188437
665 -2.82377 -27.3897 0.0192438
666 -1.91314 -27.0389 0.0196257
667 -0.593722 -26.7996 0.0197921
668 -0.384561 -26.5521 0.0199795
669 1.00095 -26.8653 0.0205485
670 1.67714 -26.6657 0.0208224
671 2.45518 -27.0253 0.0211783
672 3.13773 -26.807 0.0214579
673 4.02383 -26.3615 0.021578
674 5.07063 -26.1037 0.0217933
675 6.04284 -26.0486 0.0220908
676 6.98893 -25.5321 0.0223212
677 8.2194 -25.4685 0.0225319
678 8.88114 -25.4256 0.0227634
679 10.0098 -25.1749 0.0230907
680 10.6669 -24.7687 0.0232166
681 11.9252 -24.7253 0.0234815
682 12.8529 -24.5838 0.023698
683 13.5615 -24.3514 0.0239623
684 15.2688 -24.4847 0.0243568
685 16.3155 -24.7231 0.02477
686 17.4016 -24.3065 0.0251871
687 18.8157 -24.1782 0.0254557
688 20.0076 -23.9186 0.0257634
689 20.8941 -24.1231 0.0260685
690 22.0933 -24.4154 0.0264596
691 23.578 -24.5462 0.0268129
692 25.2344 -24.1343 0.0270409
693 26.9792 -23.8099 0.0274378
694 28.3389 -24.0294 0.0278647
695 29.7366 -24.1958 0.0283868
696 30.8703 -24.3671 0.0285656
697 32.7615 -24.469 0.0289685
698 34.0122 -24.7277 0.0291831
699 35.4396 -24.2634 0.0293157
700 37.2398 -24.4959 0.0294087
701 38.0159 -24.4326 0.0296199
702 39.6581 -24.5773 0.0297456
703 40.8501 -24.4168 0.0298889
704 42.485 -24.6686 0.0302202
705 44.2114 -24.3071 0.0303929
706 46.1127 -24.208 0.0307097
707 46.9102 -24.5087 0.0308255
708 47.8076 -24.6548 0.0307764
709 49.4431 -24.5779 0.0307263
710 50.611 -24.2921 0.0306668
711 51.7526 -23.9069 0.0306714
712 52.5867 -24.4125 0.0305665
713 53.7202 -23.9649 0.0304522
714 55.4376 -23.8653 0.0306986
715 56.0247 -23.3618 0.0305131
716 56.92 -23.8493 0.0305162
717 57.7049 -23.1605 0.0302927
718 58.6617 -23.3401 0.0301696
719 59.4065 -23.2491 0.0301164
720 60.32 -22.5733 0.0299593
721 61.419 -22.62 0.029871
722 62.2378 -22.5695 0.0297894
723 63.3543 -22.5778 0.0296244
724 64.3425 -21.8935 0.0294375
725 65.9047 -21.556 0.0292761
726 66.9858 -21.7059 0.0293221
727 68.3553 -21.0792 0.0291344
728 69.7954 -21.005 0.0290027
729 71.0986 -20.9977 0.0288637
730 72.9577 -20.4554 0.0288069
731 74.1799 -20.2548 0.0287396
732 76.303 -20.4318 0.0288784
733 77.8789 -19.9773 0.0287432
734 79.7812 -19.9865 0.0288684
735 82.0047 -19.779 0.028983
736 83.1085 -20.0429 0.0289057
737 84.9198 -19.8576 0.0288237
738 87.9599 -19.2234 0.0288427
739 89.1234 -19.0624 0.0287088
740 90.6507 -19.2993 0.0287338
741 92.543 -19.0734 0.0288565
742 95.4012 -19.0381 0.0287642
743 97.2278 -18.3641 0.0286858
744 98.6544 -18.4116 0.0287106
745 100.433 -18.7691 0.0287828
746 102.533 -18.2978 0.0287062
747 104.605 -17.5137 0.0286564
748 105.594 -17.7154 0.0286717
749 106.555 -17.328 0.028592
750 108.863 -16.8589 0.0286869
751 111.214 -16.219 0.0288857
752 112.279 -16.073 0.0288326
753 113.489 -15.8737 0.0288238
754 114.729 -15.624 0.0288159
755 115.948 -15.1353 0.0287445
756 117.105 -13.9899 0.0285486
757 118.521 -13.639 0.0285694
758 118.82 -12.9464 0.0285399
759 120.014 -12.9748 0.0284716
760 121.222 -11.7705 0.0284125
761 122.31 -10.83 0.0283766
762 122.791 -10.6753 0.02836
763 123.341 -10.585 0.0283099
764 124.047 -9.37902 0.0280218
765 124.885 -8.84846 0.0278783
766 125.149 -8.89907 0.0277692
767 125.195 -8.36511 0.0276162
768 125.369 -7.91763 0.0274903
769 126.063 -7.62593 0.0274155
770 126.244 -6.89458 0.0273693
771 126.589 -6.44888 0.0270913
772 126.17 -6.93221 0.0269899
773 126.717 -6.45153 0.026822
774 126.831 -6.07524 0.0267365
775 127.292 -5.9541 0.026655
776 126.506 -5.92527 0.0265499
777 126.647 -6.36927 0.026518
778 126.762 -5.89704 0.0263845
779 126.955 -5.98263 0.026371
780 126.476 -5.85077 0.0262277
781 126.326 -6.18286 0.0261938
782 126.237 -6.51592 0.0261492
783 126.145 -6.61525 0.0261748
784 126.221 -7.2085 0.0262113
785 126.406 -7.1629 0.0262323
786 126.293 -7.68049 0.026275
787 125.812 -8.05601 0.026202
788 126.382 -7.93809 0.0262307
789 126.388 -7.89833 0.0263077
790 125.753 -8.51922 0.0263123
791 125.521 -9.1306 0.026395
792 125.767 -9.39032 0.026422
793 126.388 -9.82702 0.0264573
794 125.795 -10.4749 0.0265203
795 125.576 -10.8611 0.0265338
796 125.555 -11.1908 0.0265389
797 125.838 -11.4282 0.0265738
798 125.851 -11.594 0.0266384
799 125.377 -12.001 0.0266394
800 125.2 -12.3933 0.026699
801 125.265 -12.6559 0.0267242
802 125.672 -12.6117 0.0267344
803 125.631 -13.0858 0.0267777
804 125.244 -13.9698 0.0268428
805 125.37 -14.2045 0.0269368
806 125.464 -14.4664 0.0269934
807 125.457 -14.6943 0.0271242
808 124.85 -14.9624 0.0271704
809 124.57 -15.4017 0.0272518
810 124.578 -15.8438 0.0272851
811 124.481 -15.7572 0.0271994
812 124.661 -15.8765 0.0272935
813 124.395 -16.5262 0.0274072
814 123.697 -17.1775 0.0274726
815 123.877 -17.184 0.0275128
816 124.349 -16.9389 0.0276175
817 123.929 -16.6703 0.0276403
818 123.28 -16.5814 0.0275995
819 122.925 -17.2002 0.027716
820 122.986 -17.3212 0.0278236
821 122.726 -17.3231 0.0278405
822 122.502 -17.5328 0.0279167
823 122.288 -17.5346 0.0279732
824 122.126 -17.8078 0.0280802
825 121.939 -17.869 0.0281067
826 121.897 -18.1329 0.0282017
827 121.553 -17.9195 0.0281613
828 121.297 -17.893 0.0282473
829 121.17 -17.5228 0.0281669
830 121.236 -16.845 0.0281889
831 121.256 -16.982 0.0283363
832 120.923 -17.3842 0.0286039
833 120.445 -17.4462 0.0287619
834 120.005 -17.0828 0.0287113
835 119.918 -16.7275 0.0287399
836 119.657 -16.4859 0.0287919
837 119.176 -16.5517 0.0288552
838 118.649 -16.4241 0.0288618
839 118.466 -15.8452 0.028851
840 118.266 -15.5271 0.0288977
841 117.666 -15.6462 0.0289678
842 117.546 -15.9426 0.0290586
843 117.469 -15.3375 0.0290739
844 117.282 -15.3894 0.0290742
845 116.82 -14.5095 0.0290779
846 116.038 -14.6443 0.0291351
847 115.524 -14.822 0.0292329
848 115.386 -14.6221 0.0292953
849 115.277 -14.8118 0.0293626
850 115.127 -14.6135 0.0293742
851 114.864 -14.2621 0.0294232
852 114.395 -14.4145 0.0295291
853 113.93 -15.05 0.0296821
854 113.943 -15.6318 0.0298832
855 113.263 -15.3606 0.0299075
