1 1.03884 1.48256 -0.000563656
2 0.485131 0.513091 -0.000511445
3 0.0108199 -0.132828 -0.000359945
4 0.595037 0.520553 -0.000461042
5 1.07019 0.206074 -0.000398087
6 -0.00932646 0.313233 -0.000456976
7 0.866426 -0.0276726 -0.000369221
8 0.17282 -0.300593 -0.000400309
9 0.755706 -0.153628 -0.00024822
10 0.873085 -0.0095635 -0.000229713
11 0.401741 -0.665678 -0.000186636
12 0.0136136 -0.901508 -0.000185111
13 0.918972 -0.821595 6.34977e-05
14 0.424066 -0.621426 -2.8109e-05
15 0.505153 -1.29445 0.000163458
16 0.555321 -1.19038 0.00017818
17 0.637154 -1.12375 0.000155937
18 0.407045 -1.8083 0.000286074
19 -0.298624 -1.76731 0.000225508
20 1.16901 -1.30704 0.000296273
21 0.59583 -1.41424 0.000378741
22 0.0477859 -1.80866 0.000339577
23 0.375774 -1.26047 0.000291311
24 0.446885 -1.62801 0.000272888
25 0.243233 -1.66071 0.000346765
26 0.516384 -0.643436 0.000202474
27 0.969989 -0.93128 0.000299683
28 -0.695369 -2.15027 0.000378934
29 -0.144505 -1.46581 0.000256817
30 0.668679 -0.909244 0.000194884
31 -0.0344173 -0.780428 0.000158552
32 0.501629 -0.362937 0.00017458
33 -0.201842 -1.39893 0.000133096
34 0.211786 -0.826931 0.000212271
35 -0.108576 -0.0581079 2.22538e-05
36 0.382079 -0.569997 0.000158032
37 -0.525634 -1.10807 6.65949e-05
38 0.120401 -0.470729 5.65604e-05
39 0.369655 0.0367807 5.84029e-06
40 0.225127 -0.274477 3.35293e-05
41 -0.307402 -0.275326 -3.27897e-05
42 0.0671186 -0.182541 -1.98401e-05
43 0.201698 0.0390944 -3.7257e-05
44 -0.243841 -0.129459 -0.00015361
45 0.0835626 -0.145674 3.05235e-05
46 0.376674 -0.156946 -6.44715e-05
47 -0.234229 -0.322316 2.72684e-05
48 -0.158479 0.148499 -9.01183e-05
49 0.0713518 0.062168 -0.00015484
50 0.32425 -0.479257 9.36145e-05
51 -0.482419 -0.146875 -2.57303e-05
52 0.139318 0.109967 -0.000140007
53 0.200582 -0.268743 2.57771e-05
54 0.357933 -0.279278 -1.04634e-05
55 0.130196 0.216077 -7.49818e-05
56 -0.309597 -0.427 6.09654e-05
57 0.0281707 -0.0810023 -9.91459e-06
58 0.500585 0.139931 -4.31702e-05
59 0.0665318 0.290093 -5.52986e-05
60 -0.506038 -0.569181 7.15757e-05
61 -0.27373 0.0219494 -7.70118e-05
62 0.558077 -0.0980724 1.49304e-05
63 0.34725 -0.422294 0.00010246
64 -0.585742 -0.750189 -3.03439e-05
65 0.339412 -0.312208 5.90458e-05
66 0.188249 0.471943 -1.2208e-05
67 0.270444 0.240991 -1.40872e-05
68 -0.540132 -0.732123 -1.22939e-05
69 0.372177 -0.376948 0.000148595
70 0.385264 0.122484 6.63581e-05
71 -0.557712 -0.0848047 -6.48043e-05
72 0.139978 0.0307198 9.13006e-05
73 -0.161656 -0.314645 0.000101074
74 0.489102 0.0520291 6.76634e-05
75 -0.0686111 -0.0684336 2.67046e-05
76 -0.151479 -0.32714 5.11899e-05
77 0.382658 0.758281 -4.33022e-05
78 0.0933655 -0.304306 0.000237275
79 -0.799925 -0.56392 8.27674e-05
80 0.263711 0.54946 -4.66434e-05
81 0.251707 -0.369246 8.85399e-05
82 -0.309703 -0.0964592 5.79767e-05
83 0.357293 0.684984 -3.71508e-05
84 -0.122248 -0.430772 3.5753e-05
85 -0.0499812 -0.136481 7.37077e-05
86 0.492743 0.965516 1.5695e-05
87 -0.123623 -0.338106 4.53983e-05
88 -0.472087 -0.217399 -4.76252e-05
89 0.305926 0.406853 2.43635e-05
90 0.457928 0.249091 9.49113e-06
91 -0.78862 -0.548372 1.73888e-06
92 -0.3121 0.333109 5.31164e-05
93 0.623446 -0.00301779 -1.12889e-05
94 -0.109147 -0.305054 2.57035e-05
95 -0.548151 -0.00933551 6.83954e-05
96 0.179444 0.0491881 -8.72946e-05
97 0.0297445 -0.132223 1.61023e-05
98 -0.2679 0.510844 -2.46376e-06
99 -0.140783 -0.00586038 -2.73331e-05
100 -0.709913 -0.830317 4.95541e-05
101 0.116154 0.252459 -2.24357e-05
102 0.189277 0.0977295 2.48518e-05
103 -0.353017 -0.539396 4.56664e-05
104 -0.871397 0.103008 -3.19681e-05
105 0.227916 -0.26103 7.60537e-05
106 -0.228154 -0.202833 4.47308e-05
107 -0.6014 -0.264373 2.38923e-05
108 -0.343293 0.157918 -5.76984e-06
109 -0.239333 -0.014091 2.87617e-05
110 -0.251788 -0.670452 9.18372e-05
111 -0.806499 -0.148746 -7.6925e-06
112 -0.285778 -0.236487 7.45348e-05
113 -0.297297 -0.0710026 3.78455e-05
114 -0.327736 -0.224603 1.76111e-05
115 -0.542001 0.0236724 7.85906e-05
116 -0.393771 -0.283918 -2.00962e-05
117 -0.264912 0.34317 5.7612e-05
118 -0.110693 -0.127078 6.56217e-05
119 -0.712888 -0.123132 1.39007e-05
120 -0.459434 0.116107 7.176e-05
121 -0.0713136 -0.0191346 1.7659e-06
122 -0.462049 -0.278277 0.000129449
123 -0.552424 0.212571 5.91129e-05
124 -0.327475 -0.00201229 2.6663e-05
125 -0.0161555 -0.0668231 0.00018487
126 -0.307698 -0.0262279 0.000118724
127 -0.749258 0.0156307 7.32857e-05
128 -0.63123 -0.0429305 6.73688e-05
129 0.723812 0.735455 0.00014855
130 -0.689575 0.507156 -1.66535e-05
131 -0.363332 -0.500671 0.000268094
132 -0.410728 0.222484 -1.78538e-06
133 0.281135 0.126164 0.000110489
134 0.0574808 0.310744 1.82682e-05
135 -0.963093 0.289563 -0.000146747
136 0.534231 0.796882 -8.10751e-05
137 -0.441188 0.110909 3.88187e-05
138 -0.22407 -0.217352 0.000132587
139 -0.269761 1.10313 -0.000363793
140 0.645872 0.106504 2.75423e-05
141 -0.539707 0.601551 -0.00013423
142 -0.221605 0.224955 -8.49148e-05
143 -0.176357 -0.234562 -1.89647e-05
144 -0.0164108 0.168872 -7.58006e-05
145 0.00691638 0.570423 -0.000238611
146 0.582021 0.583905 -0.000100902
147 0.0199553 0.659073 -0.000140594
148 -0.368947 0.411731 -0.00022312
149 0.3365 0.454177 -5.3207e-05
150 0.033519 -0.00977416 -9.62961e-05
151 0.431588 0.348865 -4.78823e-05
152 0.58974 0.575232 -9.03486e-05
153 0.251117 0.280287 -5.35335e-05
154 0.266781 0.735943 -8.17393e-05
155 0.09415 -0.0970124 1.08736e-05
156 0.199549 0.403791 -7.28908e-05
157 0.561533 0.660574 -3.43203e-05
158 0.165842 0.398493 -9.57398e-05
159 0.26857 0.255752 -1.20958e-05
160 0.393811 0.363118 3.00677e-05
161 0.259321 0.233442 -3.69258e-05
162 0.422748 0.669749 -6.38262e-05
163 0.278198 0.445812 6.86056e-05
164 0.504742 0.295853 5.89761e-05
165 -0.0179523 0.176987 -2.53977e-05
166 0.353741 0.6234 0.000109392
167 0.535297 0.441569 5.43537e-05
168 0.217517 0.146874 0.00017846
169 0.251169 0.440641 6.15112e-05
170 -0.0871242 -0.14904 0.000253647
171 0.0265956 0.467303 -1.20373e-05
172 0.953758 0.282535 0.000195051
173 0.473544 0.409939 0.000213278
174 -0.690009 -0.143142 6.66286e-05
175 0.877956 0.794378 0.000210178
176 -0.032152 0.00263451 0.000197928
177 -0.0440913 0.189072 0.000131909
178 0.102639 0.073054 0.000115778
179 0.529761 0.390979 0.000277317
180 0.134568 0.545963 0.000212557
181 -0.119223 -0.493426 0.000315613
182 -0.190564 0.581181 0.00011517
183 0.25516 0.0665923 0.000351673
184 -0.0258971 -0.304574 0.000359592
185 0.193997 0.406595 0.00020844
186 0.286035 -0.028274 0.000388961
187 -0.208613 -0.112011 0.000352957
188 -0.330818 0.166217 0.000198566
189 0.798939 -0.0891896 0.000493449
190 -0.386738 -0.171437 0.000342197
191 0.266531 0.443082 0.000348905
192 0.263481 0.248485 0.00027927
193 0.286414 -0.0064774 0.000309326
194 -0.214837 -0.113657 0.000359608
195 -0.586183 -0.21376 0.000216715
196 0.755701 -0.253766 0.000364728
197 -0.0129195 0.722248 0.00012788
198 0.227992 -0.229304 0.000275746
199 -0.310913 0.00780996 0.000260641
200 -0.0736002 0.30213 0.000182101
201 0.106884 0.43255 4.70532e-05
202 -0.633231 0.0915913 0.000238863
203 0.330539 -0.471827 0.000379822
204 -0.441214 -0.0173781 0.00011651
205 0.548126 -0.183504 0.000352637
206 -0.413319 -0.258592 0.000232613
207 0.0112008 -0.16095 0.000353161
208 -0.730399 -0.102068 0.000155175
209 0.097974 -0.424731 0.000318971
210 0.174526 -0.291467 0.000226685
211 -0.516831 0.150814 0.000159206
212 -0.192615 -0.563703 0.000260126
213 -0.0892631 -0.216906 0.00019254
214 0.183753 0.155689 0.000196191
215 -0.339878 -0.800886 0.000234618
216 -0.661478 -0.651893 0.000242589
217 0.104183 -0.113508 0.000168944
218 0.480203 -0.105495 0.000220334
219 -0.406138 -0.545743 0.000116964
220 0.203285 -0.198571 0.000285396
221 -0.287009 -0.415875 0.00016989
222 -0.303174 -0.365023 0.00013956
223 -0.122275 -0.394265 8.95692e-05
224 -0.0572383 -0.591077 0.00019967
225 0.161403 -0.504544 0.000187698
226 -0.0491321 -0.0780833 0.000130837
227 -0.341647 -1.04529 0.000230231
228 0.0474832 -0.122177 0.0002284
229 0.00895955 0.141966 7.04088e-05
230 0.157031 -0.517333 0.000276485
231 -0.32629 -0.359913 0.000109084
232 0.482302 0.221982 0.000136836
233 0.0393512 -0.387483 0.000251684
234 -0.48189 -0.11379 0.00012873
235 0.505223 -0.230727 9.73628e-05
236 0.200033 0.267688 5.46585e-05
237 -0.0562411 -0.157492 0.000124036
238 0.317669 0.0404038 8.14215e-05
239 0.0764337 0.171883 2.71422e-06
240 -0.0634542 -0.0483017 0.000106227
241 -0.0932274 -0.0764957 4.20522e-05
242 0.0825308 0.309219 5.45663e-05
243 0.541219 -0.0375773 0.000108274
244 -0.0747099 -0.0186745 8.8293e-05
245 0.00376853 -0.158311 0.000132962
246 0.386675 0.624092 -2.15957e-05
247 0.0556155 0.177027 5.93392e-05
248 -0.182612 -0.0320717 8.79494e-05
249 0.277828 0.276799 6.24328e-05
250 0.0608074 -0.0510668 0.000103862
251 -0.089137 0.307161 -4.94793e-05
252 0.214458 0.0712012 4.48584e-05
253 0.65938 0.377788 4.44728e-05
254 -0.278094 0.000264689 3.06093e-05
255 -0.29957 0.130308 -2.4815e-05
256 0.411649 0.0730749 1.38067e-05
257 0.0373871 0.258513 3.48564e-05
258 -0.27334 0.0748062 -0.000105684
259 0.276495 0.00137722 6.09644e-05
260 -0.292203 0.382834 -0.000123465
261 0.240442 0.241236 -0.000107758
262 -0.399976 0.0326393 -2.22083e-05
263 0.0239293 0.040937 -3.59902e-05
264 0.299906 0.497744 -5.87913e-05
265 0.0751929 -0.341913 -6.77813e-06
266 -0.448405 0.413546 -3.22933e-05
267 0.260711 0.100287 -6.1603e-05
268 0.0225263 -0.0761052 6.81983e-06
269 -0.0613025 0.400303 -8.83053e-05
270 0.073677 0.342517 -7.81559e-05
271 -0.193777 -0.0339982 2.62779e-05
272 0.133765 0.242529 7.57733e-06
273 -0.0414629 0.229072 -5.93042e-05
274 -0.160248 -0.644399 0.00010791
275 -0.136513 0.448366 -1.2984e-05
276 0.416076 0.276936 6.14543e-05
277 -0.424364 -0.278683 6.70021e-05
278 0.341906 0.11892 5.68276e-05
279 -0.161329 -0.0845497 6.97919e-05
280 -0.114864 -0.165338 4.39083e-05
281 0.149562 0.32495 -2.27911e-05
282 0.141386 0.0625997 0.000105582
283 -0.348916 -0.108726 5.62763e-05
284 -0.0748768 -0.311247 8.9321e-05
285 0.421175 -0.121366 7.31429e-05
286 -0.506565 -0.271309 7.42821e-05
287 -0.0959163 -0.210463 0.000149472
288 0.0614972 -0.295893 3.19378e-05
289 -0.502783 -0.473644 0.000144426
290 0.221574 0.196146 2.34836e-06
291 0.156436 -0.447001 0.000130275
292 -0.096576 -0.229809 1.01794e-05
293 -0.426726 -0.220425 4.47024e-05
294 0.142378 -0.371002 1.88389e-05
295 -0.129072 -0.210659 -6.83691e-08
296 0.172118 -0.0337647 0.00010302
297 -0.333682 -0.316749 -4.65922e-05
298 -0.199247 -0.352079 6.85943e-06
299 0.49043 0.165168 1.4597e-05
300 -0.180545 -0.359445 -1.75014e-06
301 -0.343334 -0.664754 1.04385e-05
302 0.24134 -0.273386 -5.5737e-05
303 0.362688 0.619463 1.83166e-05
304 -0.488884 -0.0892239 -0.000106148
305 0.13347 -0.210974 -1.35899e-05
306 0.162961 -0.483337 -1.72881e-06
307 -0.240329 0.199664 -0.000167182
308 0.132316 0.133835 -5.50662e-05
309 -0.237373 0.0751077 -6.02619e-05
310 0.418119 0.378121 -8.55703e-05
311 -0.0257466 0.0893035 -4.69247e-05
312 0.268588 -0.0793244 -1.16672e-05
313 0.0221559 0.0478369 -7.51437e-05
314 0.0524134 0.0899475 -4.93414e-05
315 -0.0835029 0.220541 -0.000102523
316 0.375089 0.561148 -6.39114e-05
317 0.0716871 1.05507 -5.19049e-05
318 -0.0645339 -0.375182 5.23442e-05
319 -0.41349 -0.017882 -9.96647e-05
320 0.219309 0.134032 -3.39725e-05
321 0.181203 0.708416 -1.14849e-05
322 -0.0802353 0.0879512 2.5406e-05
323 -0.0831975 0.0716356 1.97376e-05
324 0.149916 0.510785 -1.84265e-06
325 -0.448596 0.279782 -7.22066e-05
326 0.298614 0.661912 -1.01748e-05
327 0.195609 0.351179 2.41598e-05
328 -0.365921 0.21845 3.03359e-05
329 0.0488245 0.321783 9.15892e-06
330 -0.000495296 -0.186484 0.000136152
331 -0.23788 0.539734 -2.39944e-05
332 -0.0759582 -0.188461 9.52667e-05
333 0.117362 0.455436 5.02708e-05
334 0.129819 0.456082 2.64156e-05
335 -0.430345 -0.442322 0.00016003
336 -0.301526 0.377121 -1.60297e-05
337 0.587292 0.600263 4.07514e-05
338 -0.269564 0.261171 3.32342e-05
339 -0.635911 -0.09488 3.8329e-06
340 0.169174 -0.028522 0.000184818
341 0.156155 0.0106345 3.74531e-05
342 -0.24112 0.338164 3.18294e-06
343 -0.228593 0.281492 5.905e-05
344 0.0550602 0.194529 7.12679e-05
345 -0.087859 0.102318 2.99751e-05
346 -0.294383 -0.125312 7.40682e-05
347 -0.324114 0.107919 1.55171e-05
348 0.0276014 0.0495312 7.40432e-05
349 -0.0676502 0.301292 -1.12397e-05
350 -0.0996031 0.0419635 0.000109451
351 -0.0262601 -0.0844678 8.57204e-05
352 -0.337862 0.0722552 -3.34582e-05
353 0.0253777 -0.122101 9.53638e-05
354 -0.261203 0.0358271 4.33575e-05
355 0.194602 0.138711 2.71324e-05
356 -0.180875 -0.338088 7.75769e-05
357 -0.074733 0.327097 4.83872e-05
358 -0.216361 -0.372156 6.36188e-05
359 0.0735138 0.622713 -2.27481e-05
360 -0.153413 -0.272307 0.000130936
361 0.18458 0.0292882 8.2828e-05
362 -0.338027 -0.476076 0.000166702
363 0.0990268 -1.00924 0.000327938
364 0.0283523 0.562858 0.000154582
365 -0.0350877 -0.364167 0.000307833
366 -0.0503886 -0.239106 0.000319077
367 0.321071 -0.616774 0.000431277
368 -0.324315 -0.441749 0.000329797
369 0.0284374 -0.853458 0.000408334
370 0.0490088 -0.470042 0.000448462
371 0.0225833 -0.504465 0.000429521
372 0.0767188 -0.934016 0.000547068
373 -0.410985 -0.818832 0.000491038
374 -0.195209 -0.917081 0.000459889
375 -0.296105 -1.11789 0.000423024
376 0.239939 -0.562845 0.00052541
377 -0.203335 -0.281039 0.00043935
378 -0.344908 -0.54935 0.000372542
379 -0.618807 -1.3324 0.000406871
380 -0.381282 -0.540411 0.000333157
381 0.353945 -0.284497 0.000409634
382 -0.0502681 -0.668784 0.000319224
383 -0.599674 -0.899355 0.00028761
384 0.108021 -0.404866 0.000224618
385 -0.201899 -0.0196234 0.000100593
386 0.0402148 -0.153506 0.000103461
387 0.021755 -0.367823 6.29263e-05
388 -0.56603 -0.0826849 -8.70009e-05
389 0.0333222 0.134625 -3.88304e-05
390 0.112456 0.285833 -0.000266195
391 -0.141437 0.0190937 -0.000149876
392 -0.120131 -0.004996 -0.000210153
393 0.00183036 0.468902 -0.000297761
394 0.103727 0.564601 -0.000402107
395 -0.183617 -0.133644 -0.000340815
396 0.125049 0.911008 -0.000499636
397 0.986553 0.813146 -0.00039191
398 -0.630431 0.464383 -0.000400463
399 -0.389894 0.249742 -0.000495247
400 0.526802 0.302036 -0.000327049
401 0.628949 0.701125 -0.000344687
402 -0.227898 0.465722 -0.000361533
403 0.246634 0.624512 -0.000337444
404 0.230951 0.273209 -0.000288582
405 0.0119674 0.303783 -0.000316584
406 0.125981 0.968621 -0.000422907
407 0.262759 0.400745 -0.000348665
408 -0.122818 0.036988 -0.000241099
409 0.56114 0.747427 -0.000347611
410 0.595844 0.585685 -0.000171075
411 -0.618881 -0.317025 -0.000101049
412 0.0134155 0.50752 -0.000203608
413 0.298184 0.0816362 -0.000107853
414 0.167123 -0.0204642 -8.16167e-05
415 -0.214934 0.324299 -0.000214659
416 0.650349 0.355724 -0.000101809
417 0.306554 0.255607 8.65905e-07
418 -0.523891 0.21475 -0.000149696
419 0.342476 0.399416 -0.000187281
420 0.534795 0.0877999 -3.17163e-05
421 -0.119164 -0.00574362 -1.9682e-05
422 -0.687131 -0.277069 -0.000114045
423 0.214463 0.340684 -0.000132595
424 0.468789 0.310326 -0.000113748
425 -0.28635 0.247669 -0.000116571
426 -0.0976801 -0.094286 -1.85706e-05
427 0.0512759 -0.19304 -3.04937e-05
428 0.255629 0.261654 -1.3147e-05
429 0.241835 0.320438 -5.71742e-06
430 -0.508619 -0.476843 1.00715e-05
431 0.0986794 0.241534 -2.23594e-05
432 0.585846 0.384207 -4.32374e-06
433 0.0154592 -0.0424455 3.98061e-06
434 -0.248904 -0.614367 7.30523e-05
435 0.0189353 -0.0601965 -1.23931e-05
436 0.202816 -0.337516 6.9021e-05
437 -0.252325 0.197757 -3.82486e-07
438 0.223286 -0.0457257 1.13533e-05
439 -0.136504 -0.441386 4.2365e-05
440 0.0686017 0.159294 -2.58663e-05
441 0.170165 -0.328278 4.96539e-05
442 -0.180492 -0.555503 3.68829e-05
443 0.103981 0.239653 -1.95188e-05
444 -0.187983 -0.215507 -3.07782e-05
445 -0.0827649 -0.67607 4.42454e-05
446 -0.285245 -0.494354 -4.71694e-05
447 0.500601 -0.330805 9.50689e-05
448 -0.116744 -0.0784847 6.48937e-05
449 -0.403116 -0.466627 0.000112101
450 0.129043 0.15415 -6.14212e-06
451 0.23335 -0.618761 0.000163367
452 -0.175031 -0.0793289 -2.18636e-05
453 0.120171 -0.54839 0.000150282
454 -0.0716192 -0.472086 0.000127165
455 -0.173508 -0.355188 5.36351e-05
456 0.579937 0.28394 5.94608e-05
457 -0.184321 -0.631514 0.000131901
458 -0.422381 -0.671503 0.000145299
459 0.159468 0.689325 -5.3708e-05
460 0.820911 0.127589 0.000354943
461 -0.572541 -0.731715 6.46964e-05
462 0.297829 0.0352146 1.2485e-06
463 0.364863 0.305736 -7.23341e-05
464 -0.2855 -0.397975 9.89857e-05
465 -0.189897 0.258678 -9.43675e-05
466 0.629013 0.581015 -5.99774e-05
467 -0.257109 -0.478675 -3.34005e-05
468 -0.317247 0.184474 -8.91261e-05
469 0.292284 0.130705 -6.37538e-05
470 0.396208 0.78668 -5.92201e-05
471 -0.369584 0.233003 -0.000193744
472 -0.52489 -0.127064 -0.000173834
473 0.688062 0.231777 -1.26682e-05
474 -0.321315 -0.00145427 -8.97698e-05
475 -0.348852 0.738778 -0.000289758
476 0.21458 0.118757 4.00803e-05
477 -0.502403 -0.00963672 -7.84035e-05
478 0.0761542 0.348136 -0.000101669
479 0.229143 -0.0856964 0.000142232
480 -0.0646366 0.665967 -5.3045e-05
481 -0.117263 0.201548 -3.50285e-05
482 0.422868 0.307861 -1.80983e-05
483 -0.107104 -0.10594 -2.51412e-05
484 0.0472773 1.00794 -0.000171164
485 0.252819 0.568 -4.59755e-05
486 -0.316805 -0.135692 1.35541e-07
487 -0.343368 0.192196 -0.000117426
488 0.532415 0.334782 -2.8097e-05
489 0.325057 0.426206 -6.28399e-05
490 -0.773756 0.049401 -0.00015938
491 0.442007 0.418895 -0.000158962
492 0.107922 0.228241 -0.000256933
493 -0.420922 0.0958494 -0.00028762
494 -0.186294 0.317018 -0.000356569
495 -0.173508 0.0731734 -0.000288786
496 -0.208883 0.243929 -0.00014315
497 -0.348118 -0.04649 -0.000229795
498 0.0697407 0.988611 -0.000310799
499 0.284634 0.232466 -5.41168e-05
500 -0.583273 -0.578823 -8.72366e-05
501 0.249444 0.408535 -4.09951e-05
502 0.500503 0.23947 3.12922e-06
503 -0.421488 0.0561492 2.37331e-05
504 0.175313 -0.102768 5.12136e-05
505 -0.490342 -0.101257 2.81135e-05
506 0.00905619 0.362762 -0.000139286
507 -0.344731 -0.353072 -3.90906e-05
508 -0.0437465 -0.228558 2.28538e-05
509 -0.00143674 -0.555436 -5.61374e-05
510 -0.471814 0.0871691 -0.000117509
511 0.274168 0.381483 -0.000179549
512 -0.170058 -0.112402 -0.000110265
513 -0.287893 -0.519466 1.34798e-05
514 -0.640806 -0.880582 1.79527e-05
515 -0.180252 -0.278805 -0.000150782
516 0.0992094 -0.13428 -5.23318e-05
517 0.175127 0.309012 -4.72555e-05
518 -0.210409 -0.373979 -8.71712e-05
519 -0.682223 -0.894168 -3.73016e-05
520 -0.046916 -0.462488 -5.62545e-05
521 0.140345 -0.349629 -0.000102448
522 0.0200588 0.205553 -0.00012381
523 -0.191593 -0.383251 -4.35162e-05
524 -0.916488 -0.589879 -0.000208293
525 0.156081 0.11237 -0.00024612
526 0.0803899 0.306856 -0.000304464
527 -0.423221 -0.573477 -0.000231691
528 -0.315662 -0.319335 -0.000238404
529 -0.115315 -0.316625 -0.000188378
530 0.0767616 -0.16397 -0.000235451
531 -0.254033 -0.0917096 -0.00038873
532 -0.46606 0.0647259 -0.000442747
533 -0.64349 -0.10103 -0.000349226
534 0.0117524 0.0410811 -0.000332638
535 0.0247734 0.309075 -0.000433186
536 -0.196033 0.238585 -0.000383191
537 -0.220558 0.430478 -0.000416889
538 -0.101427 0.0467468 -0.000277435
539 0.0536601 0.60013 -0.000404159
540 0.194268 0.140756 -0.000285309
541 -0.839148 -0.488785 -0.000219911
542 -0.473261 -0.00479918 -0.000321784
543 0.386903 0.301418 -0.000236075
544 -0.023815 0.809703 -0.000320972
545 -0.250788 0.596338 -0.00035796
546 -0.575354 0.0562937 -0.000211177
547 -0.357058 -0.265645 -0.000148734
548 0.202893 0.315576 -0.00029731
549 0.306433 1.14704 -0.000384955
550 0.45621 0.544679 -0.000196812
551 -1.02401 -0.304248 -0.000167529
552 -0.755907 -0.229771 -0.000397295
553 0.190044 0.291236 -7.77136e-05
554 0.0294101 0.930624 -0.000238017
555 -0.112878 0.313891 -4.20031e-06
556 -0.502612 -0.0206518 -4.87053e-05
557 -0.0991671 0.141816 -0.000136759
558 0.268725 0.52401 -9.37466e-05
559 -0.0628835 0.29431 -0.000226842
560 -0.699217 -0.46102 -0.000113239
561 -0.355718 0.135896 -0.000168178
562 0.159587 0.397562 -0.000306101
563 0.0159819 0.836858 -0.000281914
564 -0.383298 0.232866 -0.000123285
565 -0.72845 -0.217258 -0.000100694
566 -0.706715 0.252654 -0.000209715
567 0.904593 0.434019 -9.78617e-05
568 0.476967 0.512321 1.3692e-05
569 -0.548178 -0.681046 0.00010644
570 -0.732193 -0.322564 -9.90655e-05
571 0.145804 0.220049 -8.79018e-05
572 1.07414 1.22295 -3.35321e-05
573 -0.0250051 0.364502 -2.5195e-05
574 -1.41282 -0.474241 -0.000163473
575 0.305831 0.642723 -7.43745e-05
576 0.952445 0.85645 -0.000165062
577 0.578472 0.368767 6.86101e-06
578 -0.455364 -0.168481 -5.8776e-05
579 -0.755607 -0.394298 -8.50799e-05
580 0.0699042 0.128325 -0.000137195
581 0.587625 0.599232 -0.000132681
582 0.31433 0.912148 -0.000102756
583 -0.150135 0.00661791 3.06409e-05
584 -0.636643 0.128364 -0.000147469
585 0.42549 -0.0206951 4.15781e-05
586 -0.0166447 0.0265717 -0.000147383
587 -0.148973 0.259674 -6.2391e-05
588 -0.145564 -0.105039 -0.00010203
589 -0.0928367 -0.302972 -0.00015344
590 0.366672 0.739905 -0.000126827
591 0.381518 0.237871 -3.45812e-05
592 -0.313449 -0.0860069 -3.11328e-05
593 -0.516964 -0.346831 -0.000162839
594 -0.114916 -0.359044 -8.64735e-05
595 0.460923 0.246505 -0.000105096
596 0.497553 0.581811 -0.000107581
597 -0.0958422 -0.198024 -5.77175e-05
598 -0.789734 -0.702387 -8.76709e-05
599 0.105829 -0.056001 -3.19085e-05
600 0.223201 -0.00674131 -0.00026796
601 -0.172642 -0.248825 -2.01085e-05
602 -0.291987 -0.170341 -0.00015917
603 0.0621239 -0.393042 -1.93878e-05
604 -0.296035 -0.289582 -0.000156346
605 0.326544 0.495861 -1.92523e-05
606 -0.424531 -0.830553 -9.75375e-05
607 -0.840258 -1.15519 -3.21534e-05
608 0.316199 0.110859 -1.33665e-05
609 0.643823 0.423557 -6.3769e-05
610 -0.840699 -0.20647 -0.00033256
611 -0.266843 -0.315387 -0.000142119
612 0.045852 -0.195047 -0.000125279
613 -0.461465 -0.420193 -0.000168437
614 -0.0137794 -0.184729 -0.000157856
615 0.21497 0.0263286 -0.000162253
616 -0.354706 -0.0294419 -0.000255447
617 -0.066448 0.464912 -0.000296185
618 0.247326 0.172466 -0.000172266
619 -0.141545 0.532175 -0.000247669
620 -0.323354 -0.139082 -0.000235975
621 -0.404674 -0.203043 -0.000305113
622 -0.00769552 0.467305 -0.000432829
623 0.585548 0.893253 -0.000253982
624 0.0296373 0.567588 -0.00023457
625 -0.866461 -0.0256844 -0.000263678
626 -0.0221708 0.528255 -0.000332474
627 0.30699 0.493451 -0.000324546
628 -0.186549 -0.277532 -0.000176965
629 0.44223 0.82391 -9.63286e-05
630 -0.827447 0.584962 -0.000130589
631 0.379046 -0.0100416 -0.000175088
632 0.328259 0.463032 -0.000180345
633 -0.0617833 0.654591 -0.000239709
634 -0.182624 0.162307 -0.00024634
635 0.0739446 0.571983 -0.000289828
636 0.251702 1.30475 -0.000297837
637 -0.0123899 0.791106 -0.000403961
638 -0.603267 -0.230686 -0.000260501
639 0.0892468 0.55599 -0.00036651
640 -0.658576 0.723807 -0.000555343
641 0.110458 1.1663 -0.000338469
642 0.365329 1.51428 -0.000695189
643 -0.154992 0.931956 -0.000417529
644 -0.759269 0.626899 -0.000594321
645 -0.315245 0.602161 -0.000523581
646 -0.21825 0.781838 -0.000572547
647 -0.0338587 1.17296 -0.0004484
648 -0.34411 0.17516 -0.000370564
649 -0.640354 0.681746 -0.000541567
650 -0.578379 1.53996 -0.000948454
651 0.133706 1.23896 -0.000670088
652 -0.596083 0.547654 -0.000442198
653 -0.785898 0.757205 -0.000513839
654 0.0350752 0.323332 -0.000357696
655 -0.271336 0.547678 -0.000349755
656 -0.56582 0.905293 -0.000452384
657 -0.390753 0.769717 -0.00044531
658 -0.764368 -0.251761 -0.000320521
659 -0.376793 0.560921 -0.000361352
660 -0.241422 0.120066 -0.000189288
661 -0.587524 0.61928 -0.000264442
662 -0.675558 -0.140619 -0.00017001
663 -0.707478 0.360479 -0.000543543
664 -0.592201 0.706404 -0.000400155
665 -0.910631 -0.350796 -0.000381855
666 -1.31941 -0.239275 -0.000166444
667 -0.209161 -0.247476 -0.000187376
668 -1.38551 0.313188 -0.000569031
669 -0.67619 -0.199619 -0.000273826
670 -0.778038 0.359666 -0.000355911
671 -0.682549 -0.218395 -0.000279593
672 -0.886099 -0.445426 -0.000120103
673 -1.0468 -0.257779 -0.000215343
674 -0.972209 -0.055171 -0.000297455
675 -0.946098 -0.516467 -0.000230431
676 -1.23047 -0.0636238 -0.000210721
677 -0.661738 -0.0428847 -0.000231454
678 -1.12865 -0.250694 -0.000327329
679 -0.657134 -0.406184 -0.000125884
680 -1.25832 -0.0434706 -0.000264921
681 -0.927677 -0.141486 -0.000216525
682 -0.708555 -0.232383 -0.000264213
683 -1.70731 0.13328 -0.000394499
684 -1.04673 0.238482 -0.00041323
685 -1.08605 -0.416619 -0.000417143
686 -1.41418 -0.128304 -0.000268549
687 -1.19187 -0.259667 -0.000307695
688 -0.886482 0.204517 -0.000305143
689 -1.19923 0.292313 -0.000391049
690 -1.48466 0.130785 -0.000353387
691 -1.6564 -0.41191 -0.000227908
692 -1.74484 -0.324387 -0.000396935
693 -1.35962 0.219556 -0.000426882
694 -1.39772 0.166373 -0.000522104
695 -1.13374 0.171287 -0.000178804
696 -1.89121 0.101911 -0.000402879
697 -1.2507 0.258727 -0.000214625
698 -1.42741 -0.46437 -0.000132624
699 -1.80011 0.232528 -9.29423e-05
700 -0.776146 -0.0632532 -0.00021128
701 -1.64223 0.144708 -0.000125708
702 -1.19196 -0.160564 -0.000143227
703 -1.63487 0.251798 -0.000331321
704 -1.72647 -0.361446 -0.000172717
705 -1.90125 -0.0990823 -0.000316778
706 -0.797534 0.300652 -0.000115791
707 -0.897393 0.146145 4.90402e-05
708 -1.63551 -0.076914 5.01687e-05
709 -1.16791 -0.285808 5.94645e-05
710 -1.14156 -0.385228 -4.62624e-06
711 -0.834145 0.505646 0.000104883
712 -1.13345 -0.447634 0.000114301
713 -1.71738 -0.0995598 -0.000246394
714 -0.587113 -0.503565 0.000185509
715 -0.895302 0.487529 -3.08356e-06
716 -0.784948 -0.688761 0.0002235
717 -0.956817 0.179546 0.00012313
718 -0.744736 -0.0909885 5.32258e-05
719 -0.913551 -0.675824 0.000157071
720 -1.09896 0.0467092 8.82787e-05
721 -0.818842 -0.0504546 8.16322e-05
722 -1.11646 0.00828107 0.00016498
723 -0.988196 -0.684281 0.00018691
724 -1.56225 -0.337501 0.000161386
725 -1.08105 0.149892 -4.60011e-05
726 -1.36952 -0.626687 0.000187694
727 -1.44009 -0.0742383 0.000131712
728 -1.30319 -0.00727733 0.000138951
729 -1.85915 -0.542347 5.68068e-05
730 -1.22216 -0.200615 6.73596e-05
731 -2.12308 0.177076 -0.000138791
732 -1.57589 -0.454534 0.000135123
733 -1.90234 0.00923165 -0.000125188
734 -2.22353 -0.207568 -0.00011453
735 -1.1038 0.263932 7.72621e-05
736 -1.81123 -0.185312 8.20363e-05
737 -3.04012 -0.634236 -1.89897e-05
738 -1.16348 -0.160924 0.000133894
739 -1.52729 0.236839 -2.50848e-05
740 -1.89233 -0.225844 -0.000122634
741 -2.85825 -0.0353224 9.22971e-05
742 -1.8266 -0.673999 7.83724e-05
743 -1.42656 0.0475073 -2.48394e-05
744 -1.77908 0.357532 -7.21301e-05
745 -2.09981 -0.471386 7.66201e-05
746 -2.07191 -0.784051 4.97669e-05
747 -0.989144 0.201742 -1.53565e-05
748 -0.961067 -0.387423 7.97105e-05
749 -2.30713 -0.46912 -9.48708e-05
750 -2.35191 -0.639925 -0.000198757
751 -1.06461 -0.146009 5.30777e-05
752 -1.20975 -0.19931 8.81681e-06
753 -1.23997 -0.249673 7.87907e-06
754 -1.2196 -0.488693 7.13606e-05
755 -1.15712 -1.14539 0.000195945
756 -1.41595 -0.350908 -2.08001e-05
757 -0.298894 -0.692546 2.94826e-05
758 -1.19392 0.0283973 6.83485e-05
759 -1.20764 -1.2043 5.903e-05
760 -1.08824 -0.940589 3.59237e-05
761 -0.480369 -0.154649 1.66377e-05
762 -0.550518 -0.0903192 5.00339e-05
763 -0.705806 -1.20597 0.000288165
764 -0.838585 -0.530555 0.000143462
765 -0.263953 0.0506074 0.000109081
766 -0.0454068 -0.533964 0.000152998
767 -0.174382 -0.447479 0.000125941
768 -0.693811 -0.291699 7.47656e-05
769 -0.180832 -0.731345 4.62488e-05
770 -0.34517 -0.4457 0.00027796
771 0.419284 0.483325 0.000101392
772 -0.546934 -0.480675 0.000167925
773 -0.114866 -0.376294 8.55237e-05
774 -0.460941 -0.121139 8.14386e-05
775 0.786673 -0.0288328 0.00010517
776 -0.140948 0.444002 3.19071e-05
777 -0.115249 -0.472233 0.000133461
778 -0.192624 0.0855926 1.34822e-05
779 0.478746 -0.131858 0.000143312
780 0.149464 0.332094 3.38602e-05
781 0.0898702 0.333058 4.4682e-05
782 0.091294 0.0993318 -2.56544e-05
783 -0.075672 0.59325 -3.64833e-05
784 -0.185477 -0.045601 -2.10178e-05
785 0.113484 0.517589 -4.26419e-05
786 0.480522 0.375516 7.29981e-05
787 -0.570132 -0.117919 -2.86968e-05
788 -0.00516614 -0.0397612 -7.70925e-05
789 0.6345 0.620886 -4.56146e-06
790 0.232144 0.611381 -8.26546e-05
791 -0.24592 0.259727 -2.70584e-05
792 -0.62085 0.436693 -3.53224e-05
793 0.592694 0.647874 -6.29814e-05
794 0.219114 0.386209 -1.34322e-05
795 0.0213039 0.329669 -5.17421e-06
796 -0.283619 0.237446 -3.48699e-05
797 -0.0131713 0.165783 -6.46401e-05
798 0.474455 0.407011 -9.78854e-07
799 0.176512 0.39233 -5.96137e-05
800 -0.0642212 0.262554 -2.51674e-05
801 -0.430486 -0.0651744 -7.55661e-06
802 0.0169651 0.452422 -3.9986e-05
803 0.362587 0.862524 -6.1364e-05
804 -0.151499 0.212458 -8.97114e-05
805 -0.120091 0.23941 -5.18675e-05
806 -0.0193036 0.205054 -0.000125572
807 0.579589 0.245185 -4.04423e-05
808 0.252082 0.416603 -7.52084e-05
809 -0.0360455 0.419674 -2.67677e-05
810 0.0675244 -0.109143 9.25616e-05
811 -0.210271 0.097453 -8.70519e-05
812 0.23564 0.628896 -0.000106399
813 0.666567 0.631476 -5.81736e-05
814 -0.212719 -0.012676 -3.28965e-05
815 -0.504111 -0.262766 -9.76134e-05
816 0.385765 -0.284946 -1.59003e-05
817 0.615263 -0.10391 4.76184e-05
818 0.319476 0.605932 -0.00011017
819 -0.0951645 0.110225 -0.000101397
820 0.223989 -0.00727391 -1.10595e-05
821 0.186249 0.202037 -7.08786e-05
822 0.177294 -0.00356122 -5.14517e-05
823 0.124307 0.269246 -0.000102382
824 0.149096 0.0592162 -2.21211e-05
825 0.00273736 0.263929 -9.10839e-05
826 0.305423 -0.212606 4.40968e-05
827 0.214701 -0.0244982 -8.27247e-05
828 0.0875495 -0.365684 8.33109e-05
829 -0.106026 -0.671533 -1.93631e-05
830 -0.0610123 0.144464 -0.000145122
831 0.292616 0.410625 -0.000265365
832 0.436771 0.0708096 -0.000156041
833 0.398158 -0.352786 5.23742e-05
834 0.0453726 -0.343661 -2.70039e-05
835 0.219686 -0.229874 -5.04998e-05
836 0.438791 0.0782581 -6.19329e-05
837 0.485251 -0.113827 -5.36386e-06
838 0.141012 -0.564464 1.1939e-05
839 0.15711 -0.303707 -4.54865e-05
840 0.557703 0.13393 -6.8893e-05
841 0.0767276 0.311572 -8.9618e-05
842 0.0346787 -0.589611 -1.40763e-05
843 0.144295 0.067288 9.12414e-07
844 0.418419 -0.86429 -2.16382e-06
845 0.738851 0.150681 -5.58683e-05
846 0.470515 0.193753 -9.62358e-05
847 0.0944155 -0.183374 -6.09005e-05
848 0.0651567 0.206106 -6.57753e-05
849 0.106774 -0.181984 -9.75485e-06
850 0.218949 -0.334464 -4.73711e-05
851 0.425284 0.169638 -0.000104097
852 0.421332 0.652588 -0.000151137
853 -0.058175 0.599282 -0.000199256
854 0.635176 -0.253336 -2.2357e-05
855 0.0917449 -0.366309 2.69335e-05
